116.232933 39.8361359 116.203949 39.9812126
116.2071304 39.955246 116.2465973 39.9071693
116.2468796 39.9067879 116.2108536 39.9321823
116.2296982 39.9291878 116.2672348 39.9054947
116.266983 39.8974075 116.2247467 39.8679886
116.2591629 39.8598022 116.2595825 39.897644
116.2605972 39.8975563 116.3116531 39.8666382
116.3052826 39.8664551 116.3728333 39.8654366
116.3439484 39.8812447 116.3467331 39.8960075
116.2779465 39.880619 116.287735 39.8645515
116.2739639 39.8706703 116.2519989 39.8679848
116.251297 39.8673515 116.3143005 39.9649277
116.3163681 39.9601631 116.2939148 39.9580383
116.275116 39.9769211 116.2682495 39.9468307
116.2682495 39.9206238 116.25177 39.9324532
116.2544022 39.928051 116.2680664 39.909935
116.2987671 39.8954391 116.3760986 39.9710312
116.3786469 39.9713402 116.3060837 39.8956299
116.316803 39.8949432 116.2263489 39.8472214
116.2271347 39.8458786 116.2574844 39.861908
116.2670975 39.8639183 116.2862701 39.7806549
116.1076965 39.9346161 116.1076965 39.9346733
116.4311981 40.0742912 116.4314804 39.9985733
116.4215317 39.9972763 116.4398346 39.9053268
116.4413986 39.9065514 116.4570007 39.9457016
116.4559174 39.9468918 116.4830475 39.9789352
116.4509811 39.989254 116.3101349 39.9825401
116.3283463 39.9844704 116.3082504 39.979805
116.3106003 39.9796257 116.2210312 39.9027023
116.2210999 39.9039574 116.22155 39.8738747
116.258667 39.9094315 116.3136368 39.9649773
116.3188858 39.9657173 116.4225311 39.9675255
116.4296036 39.9635849 116.4107132 39.9477196
116.4143143 39.9478951 116.4283524 39.9533386
116.4336853 39.9515457 116.4441833 39.9326935
116.4492645 39.9293709 116.4190369 39.9143829
116.4191666 39.914299 116.4494019 39.9324112
116.4497833 39.9322548 116.4736862 39.9703484
116.4752655 39.9729652 116.4467697 39.9180412
116.4479523 39.9131355 116.4714203 39.8998489
116.4527359 39.9115067 116.4722672 39.9279518
116.4576645 39.9272232 116.4228668 39.93964
116.4273682 39.9402313 116.4283524 39.9158401
116.4261703 39.9141846 116.4663696 39.8877449
116.4582367 39.8871613 116.33078 39.9063873
116.3378143 39.9128075 116.451767 39.9151955
116.3136826 39.9301262 116.3280869 39.9246826
116.3195038 39.9263077 116.3537827 39.9176178
116.3560028 39.9224396 116.3360367 39.9218979
116.3386154 39.9176064 116.3572159 39.9056664
116.3596344 39.90411 116.316803 39.9062119
116.3137131 39.9098015 116.2542496 39.9765549
116.2820816 39.9447899 116.3422012 39.895462
116.2901535 39.8960114 116.3045197 39.9046135
116.2903671 39.8959618 116.3602371 39.9513016
116.3195496 39.923584 116.3043137 39.9245758
116.258667 39.9049301 116.2585678 39.9271317
116.2564011 39.9164391 116.2500534 39.9062462
116.277298 39.9163055 116.2605972 39.9231949
116.2538528 39.9189262 116.2467651 39.9117737
116.2470016 39.9067764 116.260849 39.9193802
116.2593842 39.9193535 116.2691803 39.9296417
116.2825699 39.9267616 116.2631989 39.9528999
116.2814026 39.9454498 116.2873154 39.9239502
116.2952499 39.9275398 116.2538681 39.9205856
116.2544327 39.91642 116.3061676 39.9412994
116.4296646 39.9678154 116.4664536 39.89011
116.4629135 39.8898926 116.4558334 39.9037552
116.4877853 39.9061584 116.3403015 39.8982964
116.3340988 39.89645 116.3280182 40.0011177
116.3265839 40.0091248 116.3464966 39.9062309
116.3536987 39.9043465 116.4499512 39.9191818
116.4484863 39.9130363 116.4347153 39.9203568
116.4321976 39.9213905 116.4570847 39.9441261
116.4577332 39.9441795 116.4533157 39.9530563
116.4510193 39.95438 116.2535858 40.1200981
116.2844849 40.1033325 116.2986298 39.989994
116.3000336 39.9808655 116.3293991 39.976841
116.330513 39.9771347 116.307663 39.9823151
116.3034363 39.9840088 116.4075851 39.9096527
116.4098129 39.9082985 116.4192657 39.9450722
116.4299469 39.9395294 116.3827133 39.981163
116.4161987 39.9480247 116.4195862 39.9350662
116.394165 39.9501953 116.6110153 40.0533524
116.4367142 39.9758301 116.4001999 39.9057884
116.3673172 39.9131126 116.3575668 39.918354
116.3578491 39.9202881 116.3501968 39.9309082
116.3517151 39.9309692 116.3849869 39.9171524
116.3900833 39.9290237 116.4470139 39.9429436
116.4470978 39.9467506 116.4120026 39.9487038
116.4103012 39.9578285 116.3818359 39.9615974
116.340332 39.9374084 116.3653183 39.9470634
116.3692474 39.9475937 116.2821503 39.9447517
116.2844315 39.9408798 116.3164978 39.9656029
116.3389664 39.9661255 116.4665985 39.9311218
116.4453354 39.9322433 116.2017365 39.9264221
116.3615036 39.7969284 116.4089661 39.8350983
116.4088364 39.8385048 116.3920517 39.8712349
116.3663025 39.8694992 116.3424683 39.8711662
116.3408356 39.8559875 116.4626999 39.8366127
116.3813858 39.8307114 116.2746811 39.8695107
116.2766037 39.8581429 116.2883682 39.8674202
116.2881699 39.8651466 116.3043976 39.883934
116.3532028 40.0329514 116.586647 40.077301
116.4550018 40.0103111 116.4430161 39.9938469
116.4185867 39.9982262 116.5866013 40.0783615
116.586937 40.0782852 116.4339523 39.9049911
116.4382629 39.9069633 116.4824142 39.9148674
116.4840698 39.9178505 116.4901505 39.9070625
116.4641495 39.9071388 116.4254684 39.9349289
116.42453 39.9351616 116.4116516 39.9690514
116.3701172 39.9990082 116.3771133 39.9860878
116.3813629 39.9829597 116.3955307 39.9710732
116.3738861 39.9811516 116.2827988 39.8308907
116.2838364 39.829895 116.3536835 39.9204826
116.3439026 40.0345192 116.4437637 39.9325256
116.3823166 39.9424706 116.3739014 39.9614601
116.3668365 39.9737129 116.3684464 39.8821182
116.3679962 39.8860931 116.4114151 39.913826
116.4115143 39.9154892 116.4113693 39.9763184
116.4070358 39.9874268 116.4510803 39.9915276
116.4507828 39.9869194 116.4442368 39.9745598
116.1554184 39.9201736 116.2898178 39.9119034
116.2718658 39.8454132 116.2684631 39.9039421
116.2702179 39.9060974 116.2565308 39.9164276
116.2587662 39.9166603 116.405632 39.9939575
116.4089661 39.9940147 116.4768677 39.9144249
116.455719 39.9273872 116.4569702 39.9334259
116.4681168 39.9427719 116.4719467 39.9298172
116.4608688 39.9302444 116.3177795 39.8959579
116.3176193 39.8954811 116.3696976 39.863163
116.3681335 39.858223 116.2487869 39.8884506
116.2473145 39.8883018 116.2617035 39.8782043
116.2629471 39.8801041 116.2863007 39.9089432
116.3180847 39.8957138 116.408165 39.9870262
116.4182358 39.9799614 116.4890137 39.9409027
116.4886017 39.9329033 116.474968 39.9217644
116.4603195 39.9219933 116.4336166 39.8909264
116.4344177 39.891407 116.4324799 39.856266
116.4326324 39.8539772 116.4634323 39.8397179
116.4645004 39.8362617 116.3955994 39.8122673
116.3954163 39.8122406 116.4098663 39.8038902
116.4061813 39.8039665 116.3646164 39.8332253
116.3652496 39.851841 116.3666992 39.8771095
116.3672485 39.8770599 116.3480988 39.8646812
116.3479691 39.8694572 116.3756027 39.8793068
116.3755035 39.8792686 116.3526688 39.8836823
116.3525467 39.8865471 116.3833466 39.8535728
116.3859482 39.8438683 116.4561844 39.9480896
116.4584198 39.9488907 116.3661652 39.8696861
116.3615341 39.8768196 116.277153 39.8530922
116.2937698 39.888401 116.2933807 39.8997726
116.2960129 39.9046135 116.2996979 39.9807892
116.296669 39.9546623 116.4117203 39.9131241
116.4117813 39.9098091 116.4718323 39.9135208
116.46315 39.9123917 116.4496002 39.9120064
116.4221497 39.9351425 116.3709641 39.9791679
116.3634491 39.9791374 116.3278198 39.9728088
116.3452682 39.9416885 116.2675629 39.9062004
116.3230515 39.8958321 116.4116974 39.9112968
116.4116364 39.9164543 116.4253845 39.9295197
116.4259186 39.9265518 116.3843842 39.8404732
116.3807983 39.8622017 116.3082504 39.8958931
116.3047867 39.9046745 116.3044205 39.9197044
116.3022003 39.9074364 116.2249146 39.8736572
116.2244339 39.866684 116.2250137 39.8491898
116.3288345 39.8902473 116.6123962 40.0532265
116.6088638 40.0382385 116.4645844 39.9508934
116.4260178 39.9257813 116.3279343 39.9366531
116.4254684 39.930233 116.5834503 40.0754318
116.6076202 40.0526237 116.3630829 39.9512787
116.3613358 39.9511986 116.3469009 39.8947334
116.346817 39.8929672 116.3596344 39.8495255
116.3576965 39.8716164 116.347435 39.8858566
116.3653336 40.0335503 116.3839035 39.9810028
116.3658981 39.9753532 116.2928009 39.9899483
116.2983856 39.992939 116.2470169 40.0092201
116.2474976 40.0101318 116.3731537 40.000412
116.3689499 40.0004158 116.3558655 39.9500999
116.3551865 39.9509964 116.3522339 39.9205742
116.3497162 39.940361 116.3467636 39.9755135
116.3347321 39.9807243 116.3595963 39.9788704
116.3481522 39.9754982 116.3469315 39.9939194
116.3467484 39.9953651 116.3473129 39.9834328
116.3475189 39.979969 116.397049 39.9394417
116.4020309 39.9395256 116.3928833 39.9738808
116.3695526 39.992363 116.566185 40.0083351
116.582901 40.0793457 116.3441315 39.9801788
116.3380203 39.9848442 116.3814011 39.9834061
116.387085 39.9807434 116.6139526 40.0522385
116.6074982 40.0499611 116.4946136 39.8976593
116.4927368 39.8984642 116.3924637 39.7928734
116.3921356 39.790596 116.3809662 39.9521866
116.3752975 39.9759865 116.3618164 40.0347557
116.1449509 39.7405205 116.1688843 39.7754288
116.2333298 39.8353958 116.2798996 39.8530464
116.2800522 39.8466301 116.266449 39.8356361
116.2320175 39.8666496 116.2207642 39.8503036
116.2377853 39.8323135 116.2360687 39.8547134
116.2419357 39.8666267 116.2682495 39.9029617
116.26828 39.90588 116.2467804 39.915905
116.246666 39.9049568 116.1377869 39.8111229
116.2045364 39.8427696 116.2968674 39.8799896
116.157486 39.9174881 116.1767349 39.9022713
116.1813354 39.9058456 116.1889343 39.909481
116.2242813 39.8910217 116.3104858 39.9798622
116.3024368 39.977314 116.288765 39.8921661
116.4522476 39.9610329 116.4703522 39.9800339
116.4675827 39.981884 116.4143143 39.9895058
116.4026184 39.987587 116.3743362 40.0004845
116.3944168 39.8640022 116.3684158 39.8760376
116.3811035 39.8756027 116.3830338 39.8706589
116.4030838 39.8716469 116.4121857 39.8977547
116.4134827 39.8958206 116.3839493 39.9521217
116.3874359 39.9511566 116.4835663 39.9802322
116.4639664 39.9841728 116.586731 40.0780754
116.5253677 39.9404297 116.4558334 39.9438286
116.4559479 39.9457016 116.2691345 39.930439
116.298317 39.9309616 116.3276367 39.9311028
116.3376846 39.9275665 116.3501663 39.9097748
116.3898468 39.8640366 116.435463 39.9210701
116.4345322 39.9216652 116.4438629 39.932373
116.4465027 39.9322128 116.4618683 39.9567642
116.4615479 39.9566422 116.4504166 39.9490852
116.4492035 39.9463768 116.4441833 39.9353256
116.4378204 39.9365082 116.4440842 39.9259834
116.4441681 39.9277725 116.4869156 39.935482
116.4833527 39.9304161 116.5027161 39.8359032
116.4768295 39.848896 116.4089203 39.8367844
116.4128189 39.8444977 116.3803177 39.8430977
116.3803024 39.8430977 116.3649139 39.8335419
116.3635864 39.8334198 116.3802032 39.838726
116.3805161 39.8397713 116.3285675 39.9664803
116.3225479 39.9658165 116.4878464 39.9630394
116.4879303 39.9623566 116.4620514 39.9501686
116.4551315 39.914917 116.4713364 39.8958664
116.6275635 39.8912697 116.3775024 39.9606209
116.3932037 39.9501686 116.4536514 39.9137383
116.4487305 39.9164124 116.4453659 39.9058075
116.44767 39.9056969 116.3476334 39.8882027
116.3441162 39.8924942 116.3693161 39.9806633
116.3747482 39.9743462 116.3742676 39.9614449
116.3857346 39.9617043 116.4015808 39.9554901
116.1081467 39.9348145 116.5187988 39.8075981
116.5054169 39.7924919 116.5031662 39.7546654
116.3891983 39.8439217 116.3994141 39.8455734
116.3978195 39.8489113 116.440918 39.8352585
116.4075699 39.8628769 116.3916321 39.9270134
116.3919525 39.9320145 116.5003967 39.9312553
116.5002823 39.9311981 116.4724808 39.9700127
116.3691177 39.9669418 116.3766174 39.9710236
116.3785629 39.9715919 116.3192673 39.9996452
116.3268967 39.9863472 116.3397827 39.8982391
116.3385468 39.8966866 116.3477478 39.9326706
116.3402863 39.9378891 116.2821503 39.9437447
116.2791367 39.9403992 116.2778015 40.0326004
116.2675323 40.0296249 116.2721634 40.0191917
116.3080139 39.9838181 116.2759323 39.9312096
116.3059692 39.9310417 116.3086166 39.92276
116.3110199 39.9268456 116.3433838 39.9255219
116.3470001 39.9229774 116.4083176 39.9008255
116.4114532 39.9007187 116.4425507 39.8979912
116.424118 39.8922424 116.3357697 39.8885155
116.3327332 39.8886986 116.3227463 39.9009705
116.3044968 39.9007683 116.2072678 39.9322319
116.1735687 39.9248047 116.088501 39.9428635
116.3752136 39.9727287 116.3191147 39.9555664
116.4710464 39.8847351 116.5078506 39.8680115
116.5014191 39.8726807 116.3760834 39.9664688
116.3875351 39.9619102 116.4105148 39.9406128
116.4110184 39.9284973 116.4005203 39.9019089
116.4005356 39.9018745 116.2564163 39.8882027
116.2564316 39.8882141 116.3351974 39.8474579
116.2586823 39.9147758 116.27565 39.9445915
116.2823486 39.9519157 116.2813797 39.9595375
116.2586823 39.9214363 116.40168 39.9593201
116.4116364 39.8944702 116.5030365 39.8992043
116.4519806 39.8922043 116.3546982 39.9223099
116.3038177 39.9214058 116.3690643 39.8632278
116.367981 39.8645973 116.2773132 39.9023781
116.2772141 39.9025383 116.2540131 39.9003029
116.251236 39.9026299 116.3106537 39.8982048
116.2236633 39.896759 116.262764 39.9061165
116.2676697 39.9049797 116.2838821 39.8219986
116.3059692 39.8295517 116.2781677 39.8268547
116.2836838 39.8400955 116.3429871 39.9266968
116.3294983 39.9270134 116.3231812 39.9662743
116.2679367 39.9357262 116.2575531 39.9026184
116.253952 39.901577 116.217865 39.9033012
116.2363129 39.9026299 116.2867508 39.8429031
116.2779007 39.848217 116.2773514 39.8936539
116.2774506 39.8960457 116.2024307 39.9169159
116.2004852 39.9145393 116.2933502 39.906044
116.3034134 39.8836899 116.2748642 39.8693542
116.2683029 39.9036903 116.3404312 39.9219513
116.3471527 39.9239082 116.2586823 39.9239502
116.267868 39.9361 116.2868347 40.024456
116.2969513 40.0176315 116.2819519 40.0058861
116.268364 39.9631157 116.3151169 39.8747101
116.3148651 39.875309 116.3427658 39.8785172
116.3428345 39.87677 116.3727646 39.8624878
116.3667831 39.8608055 116.3936691 39.8530388
116.387001 39.8557854 116.3753662 39.8640442
116.3341827 40.0296783 116.3500977 39.9182014
116.349617 39.8967323 116.3615646 39.8721619
116.3349304 39.8879776 116.3205643 39.8820801
116.3202667 39.8867455 116.2885666 39.8740463
116.2882538 39.8701782 116.2959137 39.8857841
116.3002472 39.8888931 116.3558197 39.852684
116.3497696 39.9403458 116.340416 39.9563751
116.3348465 39.9831734 116.3414841 40.0253448
116.3329163 40.0012779 116.3273163 39.9758606
116.3262863 39.9754028 116.3075027 39.9815216
116.307251 39.9827805 116.2988358 39.9856567
116.2992172 39.9860458 116.3073196 39.9838371
116.3104172 39.9776573 116.336853 39.9755898
116.3306198 39.9753342 116.3569489 39.9755135
116.3560638 39.9753799 116.3592148 39.9866295
116.3547974 39.9803543 116.3033981 39.9618416
116.3005981 39.9711113 116.311882 39.9655113
116.3272476 39.9768448 116.3078842 39.9738083
116.3101349 39.9792404 116.3413162 39.9525681
116.3289642 39.9574738 116.436882 39.9584618
116.4355164 39.9583969 116.3859177 39.9617653
116.3776703 39.9616241 116.3760834 39.9467278
116.3730011 39.9500389 116.3560638 39.9804535
116.3547516 39.980175 116.4095154 39.9818764
116.3494797 39.9859734 116.2828827 39.9608078
116.3460846 40.0072098 116.3145142 40.02145
116.3105316 40.0223389 116.344986 39.9632187
116.3480148 39.9754982 116.3425674 40.0135803
116.3262863 39.7892761 116.3487701 39.7817154
116.3429184 39.8004646 116.3563538 39.7924271
116.3594666 39.8117599 116.3591843 39.8118935
116.3596649 39.8107033 116.3401642 39.8209801
116.3342133 39.8478432 116.3636475 39.8547516
116.3677979 39.8492203 116.3726196 39.8371086
116.3934631 39.855484 116.4427643 39.851696
116.434082 39.8524628 116.4489975 39.8518753
116.4174652 39.8643417 116.4219513 39.8378601
116.4139481 39.8561096 116.3969345 39.8504219
116.4140701 39.8561096 116.4013138 39.858078
116.4003296 39.8587608 116.393364 39.8851433
116.4104843 39.8867416 116.4124527 39.8953552
116.4120865 39.8957481 116.3622818 39.8792953
116.3624191 39.881794 116.3476868 39.8743439
116.3476639 39.8753662 116.4976501 39.8626518
116.4906311 39.8782578 116.479866 39.8978882
116.4760513 39.8992767 116.4717484 39.9036217
116.455864 39.9036713 116.4218369 39.9874382
116.4180527 39.9791794 116.4222031 39.9279366
116.4196472 39.9273643 116.4461517 39.9204636
116.4341965 39.9209518 116.3314133 39.7898598
116.2686157 39.8638573 116.3054962 39.8755035
116.3052368 39.8790627 116.2494659 39.9187698
116.2473297 39.9204369 116.2952652 39.9470177
116.2934799 39.9450989 116.2678299 39.9071236
116.2818298 39.8995514 116.2777481 39.8961258
116.2610321 39.8883171 116.2709198 39.9371376
116.2694321 39.9499855 116.3051147 39.9784126
116.2956009 39.9709244 116.3039703 39.9838486
116.2993851 39.9863548 116.3024368 39.9229851
116.288681 39.9114761 116.2987518 39.9069099
116.2966537 39.8868332 116.3602142 39.8388329
116.3625031 39.8335724 116.4255829 39.808075
116.3744507 39.8775101 116.3662796 39.8643494
116.3537521 39.8666077 116.3695145 39.8631668
116.3445969 39.8719406 116.2469025 39.8990784
116.2328491 39.8993454 116.3778152 39.9891129
116.2993164 39.9861145 116.2880859 39.9925156
116.3039322 39.907856 116.3116837 39.8783493
116.3108978 39.8762321 116.3650665 39.9102631
116.3677521 39.9017944 116.3899841 39.8554382
116.3943329 39.8547516 116.3054504 39.8767815
116.296669 39.8818283 116.3246841 39.9357452
116.3197632 39.9328995 116.3346863 39.888588
116.3327332 39.8884239 116.3089371 39.8854294
116.1223679 39.9372101 116.2467651 39.8783493
116.2446365 39.874218 116.2320862 39.9061813
116.2327347 39.8959732 116.3468323 39.8950119
116.3468475 39.8917122 116.3668671 39.8977737
116.3680649 39.8951073 116.3618851 39.8879547
116.357048 39.894825 116.4464188 39.9070053
116.4302979 39.9078445 116.424469 39.9484215
116.4085159 39.9480515 116.4015656 39.9572258
116.399147 39.9569473 116.4263153 39.9532967
116.4190979 39.954422 116.288887 39.9572716
116.2661133 39.9494934 116.3172989 39.9563713
116.3012466 39.9664803 116.3058167 39.9746742
116.3001862 39.9721336 116.3023148 40.0390549
116.3052521 40.0327454 116.3148346 39.9471092
116.291214 39.9311523 116.2685699 39.9351158
116.2688141 39.9493408 116.3402328 39.9662552
116.3537521 39.9753456 116.4008179 39.9755898
116.3766174 39.9893951 116.3391342 39.9221001
116.2829666 39.9230042 116.2690659 39.9310913
116.2686844 39.9416466 116.39785 39.9818611
116.3805008 39.9811363 116.3234634 40.0723801
116.2893677 40.0230942 116.265419 40.0194817
116.267952 39.965065 116.3470535 39.9134064
116.3466797 39.9115372 116.2962036 39.9583931
116.2933197 39.9579964 116.2758636 39.9531631
116.2693634 39.9523926 116.273613 39.9273567
116.3053513 40.0330086 116.285347 40.0571098
116.2340317 40.1660233 116.418335 39.9755135
116.3813629 39.9830437 116.3467636 39.8961258
116.3504639 39.8971748 116.2757187 39.9063148
116.3062363 39.9224472 116.3311844 39.931076
116.340332 39.9372368 116.3752365 39.9751587
116.3688507 39.9668159 116.3953629 40.0036736
116.4000702 40.0039749 116.3572159 39.9565659
116.4020844 39.95187 116.4123993 39.9540634
116.4173965 39.9526787 116.315834 39.76548
116.3474808 39.8805237 116.2102966 39.89645
116.2470474 39.9078026 116.2458801 39.9204636
116.3035965 39.9530258 116.4031296 39.9935837
116.3745193 39.98592 116.3767471 39.9711571
116.3749008 39.9777374 116.3302841 40.0353165
116.3224335 40.0547943 116.3197174 40.0702667
116.2448273 39.8484688 116.2449951 39.848423
116.6580963 39.886879 116.4364319 39.9210472
116.4352188 39.9211769 116.3813858 39.9753113
116.276886 39.8664436 116.3335495 39.8666267
116.310463 39.8666763 116.341301 39.8601952
116.326683 39.8478622 116.2899017 39.8675842
116.2733841 39.8699837 116.309967 39.8334923
116.2993851 39.8392029 116.2743683 39.8452072
116.2782364 39.8267288 116.284584 39.8206673
116.2802505 39.8246193 116.3638 39.8301163
116.3340836 39.8477364 116.3544464 39.8522911
116.3624344 39.8544388 116.4206161 39.9138374
116.4203491 39.9188728 116.4320831 39.9533157
116.4338531 39.9580917 116.4503021 39.9651337
116.448967 39.9589958 116.433548 39.9662628
116.4553833 39.9289703 116.4660645 39.9091034
116.4657822 39.9094086 116.5090637 39.9222488
116.4929504 39.91465 116.4667969 39.8982315
116.4574661 39.9065285 116.422081 39.9897614
116.3422699 39.8704529 116.2586823 39.9238281
116.283287 39.8285713 116.4178467 39.844593
116.4552307 39.8699455 116.4708481 39.8697815
116.4487305 39.9661407 116.4006805 39.9001083
116.4039154 39.8911209 116.4321136 39.8924255
116.4549866 39.8907166 116.4845657 39.8939133
116.4833679 39.8844681 116.3807526 39.8340149
116.3810196 39.8387108 116.4172821 39.8641319
116.422348 39.8643608 116.4647369 39.8347702
116.4631348 39.8402748 116.4219818 39.8570824
116.4158478 39.8575172 116.433403 39.8902969
116.4340134 39.891201 116.4234848 39.9100876
116.4245834 39.9086037 116.4088516 39.9092293
116.4209976 39.9143066 116.455101 39.9002113
116.4560699 39.8921432 116.5018463 39.8728905
116.4869156 39.8747559 116.4321365 39.8526878
116.4467163 39.8597565 116.4758682 39.8662376
116.4750137 39.8665581 116.4563522 39.866787
116.4552536 39.8803024 116.4721298 39.9266548
116.4721832 39.9297981 116.4512634 39.9920883
116.3402634 39.9127312 116.349884 39.930851
116.3497162 39.9351425 116.5033646 39.8995323
116.4966965 39.8972397 116.4868011 39.7971497
116.4897308 39.7981491 116.5157852 39.7742577
116.5094147 39.7852974 116.493103 39.7863312
116.4909515 39.7854996 116.4746704 39.7991142
116.4630966 39.8402214 116.4537659 39.8629761
116.4597015 39.859539 116.3423843 39.8704948
116.3420486 39.8691254 116.3653183 39.8619843
116.365097 39.8654099 116.33535 39.8050346
116.4157867 39.8606911 116.612381 40.0533218
116.4444351 39.9680939 116.4186172 39.9142761
116.420433 39.9117393 116.4004669 39.9070053
116.4073639 39.92313 116.4049683 39.9231224
116.4005661 39.9081955 116.3542175 39.9146004
116.358284 39.91502 116.3702316 39.908741
116.3700638 39.9080162 116.3539658 39.9128418
116.3535843 39.9076233 116.3205643 39.8782501
116.2771835 39.8485832 116.2825165 39.8238182
116.2811966 39.8358994 116.2744827 39.8264694
116.326416 39.7312508 116.3277817 39.9090118
116.2855988 39.9228783 116.29673 39.9354515
116.2847824 39.9227867 116.4125977 39.8556328
116.4344635 39.857296 116.4436188 39.8571472
116.4328995 39.8663445 116.4522629 39.9398384
116.4287643 39.9320374 116.3667831 40.0288773
116.3683472 40.0149612 116.4555359 39.8700676
116.4672852 39.8701057 116.492363 39.8694649
116.4936371 39.8659477 116.4156189 39.8387451
116.3856201 39.8559303 116.4134979 39.8555222
116.3808365 39.8342094 116.3654022 39.8334351
116.3559799 39.8529739 116.2905655 39.8566208
116.2880478 39.8560829 116.2716522 39.8467407
116.3028641 39.8296204 116.3452148 39.8603249
116.3559341 39.8672028 116.3816299 39.8734665
116.3821869 39.8748474 116.3833008 39.8987961
116.3892517 39.8979225 116.3915329 39.8629341
116.3869476 39.8624191 116.4460526 39.9545135
116.3847351 39.9669838 116.3742523 39.9797592
116.3680649 39.8890915 116.3517151 39.8815231
116.3467178 39.876255 116.3254471 39.8698196
116.5005188 39.6874008 116.4763184 39.7239723
116.4454803 39.7962532 116.3393478 39.8253517
116.3675842 39.9140549 116.3471298 39.9146271
116.3471527 39.9170532 116.3383865 39.9082222
116.3312531 39.906311 116.3199844 39.8464851
116.3200989 39.8476295 116.3940659 39.8427048
116.3974991 39.834938 116.3845978 39.8312721
116.3812332 39.8381882 116.3219833 39.8959465
116.3225021 39.8929634 116.3505478 39.9164658
116.3452148 39.9395523 116.3226318 39.9362679
116.3219147 39.9369011 116.430481 39.9230499
116.4345474 39.9233246 116.4443359 39.9259415
116.4118652 39.9202156 116.4199371 39.9523392
116.4262695 39.939682 116.4190521 39.9478874
116.4001465 39.9321136 116.367485 39.9137001
116.3676147 39.9102821 116.3844299 39.8817863
116.3864517 39.8818855 116.3996964 39.9030418
116.3985519 39.9060516 116.3948822 39.8528366
116.4029846 39.8553734 116.4208679 39.9134636
116.4209137 39.9132309 116.4005966 39.9577141
116.4006653 39.9578629 116.4562683 39.9747353
116.4590988 39.9720917 116.47435 39.9846687
116.4402313 39.9437103 116.4541855 39.8748169
116.1926651 39.9120598 116.2102966 39.8977242
116.2149658 39.900013 116.2683182 39.9149055
116.2676163 39.9095001 116.3071365 39.920002
116.3037643 39.9092636 116.2747803 39.8685875
116.2759171 39.8918114 116.2789001 39.9891815
116.289299 39.9064827 116.2694016 39.918602
116.2711868 39.9273834 116.2538986 39.9283104
116.2539139 39.9195137 116.2006302 39.9173584
116.2136002 39.8998566 116.1898651 39.943531
116.192131 39.91922 116.2385864 39.9061699
116.2828369 39.9227753 116.3467636 39.9221382
116.333252 39.9128532 116.2885361 39.9088707
116.3014297 39.9525185 116.3511658 39.9308624
116.3513489 39.9308929 116.3970871 39.8501625
116.3895035 39.871109 116.3009186 40.0337257
116.3152695 39.9310608 116.2760162 39.9117203
116.2821655 39.9423599 116.3532333 40.0416183
116.3487473 40.0288925 116.3692322 40.0051842
116.3697357 39.9919701 116.3290329 39.9023094
116.3460846 39.9050064 116.3624191 39.9859962
116.3603516 39.9861565 116.3383484 39.9925919
116.3293686 39.9915619 116.3139038 39.8951836
116.3213806 39.8922234 116.3133316 39.8992195
116.3133011 39.8992004 116.3482666 39.9125099
116.3302002 39.9064102 116.306633 39.9311867
116.2950974 39.9252129 116.2994843 39.8814926
116.2969131 39.8868866 116.3193512 39.8831673
116.3225174 39.8828888 116.3519974 39.9503975
116.3536835 39.9466782 116.3751526 39.9717598
116.364418 39.9609909 116.3392868 39.9584465
116.3480682 39.9059868 116.3336029 39.9608536
116.3352661 39.9609604 116.3468857 39.9635925
116.34832 39.9568939 116.4134979 39.9559097
116.413147 39.9559441 116.3813629 39.9671478
116.3780823 39.9671516 116.3717194 39.9892311
116.3800812 39.9880219 116.3337479 39.9751816
116.3327637 39.9684296 116.3402328 39.7967644
116.3405151 39.7939682 116.3141861 39.8950882
116.3284836 39.9113579 116.3196182 39.9377022
116.094635 39.8870201 116.3142166 39.9643211
116.3170166 39.9631119 116.3744659 39.9677696
116.3749847 39.9727135 116.3662643 39.9764061
116.3734818 39.9782982 116.4721832 39.9216042
116.4805679 39.921505 116.4358826 39.9209137
116.400032 39.9085159 116.2759476 39.9965935
116.2872009 39.9926262 116.2736816 40.0231018
116.2857971 39.9957771 116.2752533 39.9721069
116.2752151 39.9536743 116.3452988 39.9401512
116.3370972 39.9354401 116.3536148 40.0068321
116.3630142 40.0006561 116.3557968 39.9998703
116.3482819 39.9996529 116.3512497 39.9803391
116.3545685 39.9803581 116.3584671 39.9982338
116.3665009 39.9861832 116.3583984 39.971405
116.3382339 39.9658623 116.2901535 39.9175606
116.2970963 39.9066277 116.3068848 39.8959656
116.2956161 39.8984261 116.3725967 39.8664818
116.3784027 39.8621025 116.3152313 39.8913918
116.3143005 39.8876648 116.3059692 39.9068527
116.2820969 39.9061737 116.2779007 39.9139099
116.2773361 39.9157562 116.2874985 39.8527451
116.2815475 39.8469543 116.2612991 39.8885155
116.4222336 40.0733566 116.4075012 40.0552292
116.4066162 40.0516777 116.5821533 40.0735283
116.4725037 40.0900726 116.4336472 40.0762024
116.4180679 40.072773 116.2492981 40.1200409
116.3066025 40.073185 116.256897 40.1242828
116.2669144 40.1171455 116.3141174 40.0701828
116.3450012 40.0243568 116.3600464 39.9805832
116.4108963 40.0015526 116.4312134 39.989315
116.4178314 39.9939232 116.3732834 39.9515533
116.4115143 39.9763184 116.4345322 39.9791298
116.4346161 39.979084 116.4510193 39.9072266
116.4486313 39.9070206 116.5013809 40.0031853
116.4861984 40.1261215 116.4107666 40.0602188
116.4486008 39.8749084 116.4836349 39.9104652
116.4857483 39.9126892 116.501236 39.8067665
116.4827194 39.8030815 116.3823471 39.8690186
116.3859863 39.8698235 116.4151688 39.8682022
116.4151993 39.8649063 116.4368973 39.89048
116.4340363 39.8882561 116.4662018 39.8921394
116.4645691 39.8921051 116.4554367 39.9210167
116.4489517 39.9221001 116.4632645 39.9073067
116.4460678 39.8959312 116.4939651 39.8916397
116.4397354 39.880825 116.4326859 39.8642616
116.4296494 39.8780899 116.433815 39.8905411
116.433815 39.8905563 116.4122849 39.8957634
116.4104004 39.8958321 116.3005371 39.9443932
116.3002853 39.952301 116.266037 39.8712349
116.2403183 39.8520546 116.3042297 39.9384727
116.317749 39.9503479 116.2493668 39.9026756
116.2729492 39.8990517 116.2879028 39.9115143
116.3161316 39.9098167 116.3176651 39.9311142
116.3573151 39.8903999 116.3577347 39.8750839
116.3578339 39.8716927 116.3806992 39.8602066
116.3806305 39.8596725 116.3944855 39.83638
116.3934326 39.836132 116.3942032 39.8632202
116.3942032 39.8632164 116.4474182 39.8702736
116.2772675 39.9154358 116.2781982 39.958107
116.2830505 39.9456329 116.4096527 39.8703041
116.3983688 39.8638077 116.4254532 39.8643951
116.4275818 39.8622513 116.4173965 39.8493652
116.4274521 39.8492851 116.444519 39.8700523
116.4060974 39.8559303 116.3195648 39.8919144
116.3196487 39.8911514 116.3200302 39.8717995
116.3244858 39.8715248 116.2875824 39.9926147
116.2959824 39.9660683 116.2939529 40.0237999
116.2937012 40.0237961 116.2917023 40.0339775
116.2920685 40.032959 116.3000488 40.0244598
116.2037964 39.8249512 116.2246017 39.8500137
116.2264481 39.8481255 116.3186188 39.950325
116.3186646 39.9425659 116.2985992 39.9228668
116.2951965 39.9260406 116.3247681 39.9328766
116.3162537 39.9224892 116.3112488 39.9267998
116.3044357 39.9287758 116.3042145 39.9228706
116.3038635 39.9278908 116.3400497 39.7975311
116.3420868 39.7930374 116.3338852 39.8676033
116.334816 39.8687096 116.364418 39.8684158
116.367836 39.8685951 116.375885 39.8488274
116.3766479 39.8558807 116.3154678 39.8899498
116.3197479 39.8906593 116.3731003 39.8662834
116.3693314 39.8557816 116.3110199 39.8567734
116.2878189 39.8523369 116.2800522 39.8386192
116.2795639 39.8347855 116.2872009 39.8403358
116.2847977 39.840332 116.2822647 39.8397408
116.2719345 39.8453865 116.2550354 39.8614578
116.2324829 39.8537865 116.3152847 39.8905182
116.3167191 39.8953285 116.348114 39.8684845
116.3347855 39.8671722 116.3044662 39.8850288
116.3187637 39.8956375 116.3703308 39.8624916
116.3707199 39.8594513 116.3043671 39.8995132
116.3106537 39.9036064 116.2586517 39.9203758
116.2650833 39.9227409 116.2585831 39.9273186
116.2613144 39.9278297 116.3038483 39.9093018
116.3036499 39.9077682 116.2589188 39.9063034
116.2540131 39.9064102 116.2075653 39.9541168
116.2164536 39.9536324 116.4885864 39.9751625
116.4697189 39.9526787 116.4577866 39.9486198
116.440834 39.9399376 116.4445038 39.9322166
116.4397354 39.9323807 116.4838638 39.9659615
116.4294815 39.9881516 116.3967667 40.0460281
116.4054871 40.0426064 116.4125366 40.0311775
116.4105682 40.0146675 116.4689636 40.000515
116.4086685 39.9875298 116.3742981 39.9929276
116.3748474 39.9866714 116.3595352 39.9717598
116.345314 39.9390259 116.2668152 39.9274025
116.2675629 39.9009018 116.2185822 39.894104
116.4089966 39.8376274 116.5833817 40.07938
116.5855484 40.079792 116.2693024 39.956955
116.2694321 39.9544907 116.2826538 39.9560852
116.2831497 39.9562416 116.2993698 39.9570389
116.3472977 39.9307594 116.3634338 39.9140282
116.3678131 39.9022675 116.3703537 39.8929329
116.3703003 39.8922157 116.6083984 40.0540771
116.6081009 40.0493164 116.4074173 39.9141579
116.5133667 40.0721512 116.3728485 39.8666916
116.380249 39.8636932 116.2890854 39.901329
116.3038864 39.8869896 116.4312134 39.940506
116.3982315 39.9504051 116.373497 39.9277229
116.373497 39.9276657 116.3734512 39.9578171
116.3735504 39.959507 116.3678131 39.967823
116.485199 39.9864807 116.5865021 40.0788231
116.5854034 40.0795746 116.4303818 39.9112015
116.4347 39.9095497 116.4087143 39.8404388
116.408783 39.8405838 116.4322357 39.8873253
116.4539871 39.9040108 116.4283371 39.9213638
116.4285507 39.9393272 116.4442139 39.9630547
116.2377701 39.8324699 116.2721024 39.8756294
116.2730331 39.89188 116.2889481 39.9054146
116.2959671 39.9047852 116.313652 39.8954964
116.325798 39.9095345 116.0997467 39.9602699
116.1568298 39.9183121 116.1699142 39.9132767
116.2211533 39.9044533 116.19487 39.9125557
116.19767 39.906147 116.1975479 39.9062538
116.1976166 39.9061356 116.3504181 39.9421463
116.3492203 39.9519806 116.3162155 39.9659576
116.3098831 39.9640503 116.2899475 39.9225655
116.2939529 39.9224548 116.3460007 39.9381599
116.3495026 39.933094 116.356781 39.9489288
116.3549347 39.9567833 116.3636169 39.9741211
116.3421631 39.9665909 116.4332809 39.8831329
116.4145508 39.8917847 116.3113861 39.8809128
116.3105316 39.8760986 116.3996353 39.9675789
116.3923187 39.967205 116.4159317 39.9225769
116.4178162 39.9321861 116.3999176 39.9229317
116.3822861 39.9319954 116.3592987 39.9708443
116.3326492 39.9664841 116.299736 39.9062881
116.2958298 39.9061966 116.2367477 39.8959389
116.4277802 39.7769432 116.3050995 39.8797531
116.30513 39.8807335 116.4121323 39.9011993
116.4117508 39.9112129 116.4173508 39.9230919
116.4347992 39.9136047 116.4605026 39.8629341
116.4390182 39.8602982 116.4155502 39.9012299
116.4186325 39.9142036 116.4070663 39.9142036
116.4048157 39.916935 116.4483032 39.9322891
116.4551849 39.930275 116.4681015 39.9441147
116.4515533 39.9176445 116.4589157 39.8906403
116.4580841 39.88731 116.4647522 39.9074516
116.463768 39.9084282 116.3811646 39.8801231
116.3712006 39.8820381 116.3367844 39.8655357
116.3598175 39.8679008 116.3683853 39.8743286
116.3761673 39.8775406 116.3782501 39.8623848
116.3744354 39.8598785 116.3584976 39.8533936
116.3684692 39.8633118 116.3019028 39.8772354
116.3569489 39.8673477 116.3698196 39.8429108
116.3701477 39.8464088 116.3750153 39.848877
116.3789978 39.8481064 116.3382187 39.8643684
116.3467331 39.8665085 116.3682861 39.8741035
116.3684845 39.8782806 116.3680649 39.8638
116.3678818 39.8639832 116.387001 39.8818436
116.3887634 39.8822365 116.4082642 39.8471184
116.4117966 39.8554611 116.454567 39.8680534
116.4545517 39.8679047 116.3131027 39.9224968
116.3300629 39.9127388 116.3106003 39.9317818
116.3106308 39.9317894 116.3038177 39.9392929
116.3188629 39.9312935 116.3557663 40.0119781
116.3729172 39.9528465 116.4014664 39.9835434
116.4107513 39.9850349 116.288887 39.9114723
116.4121323 39.8957138 116.4281158 39.8895836
116.6398468 39.8701477 116.6112671 40.0535088
116.6095352 40.0531311 116.4842987 39.9118538
116.4956665 39.9144173 116.5149002 39.9155159
116.5153809 39.9225349 116.5242462 39.9767189
116.6088638 40.052887 116.2574997 40.2276726
116.380867 39.9953537 116.4018631 40.0029488
116.4015503 40.0036812 116.4120483 39.9395523
116.4134369 39.9395485 116.3287506 39.960022
116.3446808 39.9566956 116.3497467 39.9432144
116.3537674 39.9391174 116.3750992 39.9769325
116.3743668 39.9794388 116.3466034 39.9362869
116.3539963 39.9221268 116.3542862 39.9462662
116.3522797 39.9508514 116.4209824 39.9037819
116.4380798 39.9069099 116.4520798 39.8922386
116.4540176 39.8923798 116.4840012 39.9095383
116.4877014 39.9143219 116.584137 39.9112282
116.2547531 39.8858757 116.6105804 40.0533562
116.4347839 39.9533195 116.4234848 39.9578781
116.4234848 39.9578705 116.3754807 39.9537468
116.3518295 39.9565048 116.3294144 39.9844284
116.3144531 39.966713 116.3010635 39.9649925
116.3009796 39.9634361 116.3000641 39.8954964
116.2959976 39.8961601 116.2429504 39.8744583
116.2056351 39.9063683 116.2010345 39.9155579
116.1846848 39.9274597 116.1925507 39.9153595
116.3007355 39.9227715 116.3106689 39.9011765
116.3106842 39.9002609 116.2614136 39.8800163
116.2587967 39.8833046 116.2413177 39.8668442
116.2704468 39.9063187 116.2731476 39.9399033
116.271431 39.9399452 116.2417831 39.8884659
116.2388687 39.9024811 116.1875 39.9213142
116.1917648 39.9205093 116.2297134 39.903038
116.2220535 39.9062424 116.2136688 39.8997993
116.2079849 39.9061127 116.1882858 39.9212189
116.1881485 39.9213219 116.170166 39.9224281
116.3838348 39.9521942 116.3037186 39.9235268
116.3044357 39.9202766 116.3637848 39.9745445
116.3636856 39.9772835 116.3469009 39.9876823
116.3442307 39.9855995 116.3458176 39.93927
116.3524323 39.9390259 116.3752518 39.9860153
116.3790131 39.9811211 116.3460693 40.0135231
116.3467484 40.0139084 116.3333359 40.0023308
116.3403702 40.0062828 116.3811798 39.9880714
116.3741989 39.9980698 116.6138306 40.0509949
116.461998 39.9524498 116.4740982 39.9086761
116.4672012 39.9071808 116.454567 39.905201
116.4396362 39.9257584 116.4115295 39.9486732
116.4698486 39.8831062 116.4312134 39.9360161
116.4310303 39.9378624 116.4017639 39.9572983
116.399231 39.9564934 116.4117355 39.9740906
116.4179688 39.9846001 116.4140472 40.0439835
116.4138031 40.0427475 116.4018021 39.9679146
116.404953 39.9637566 116.3049164 39.8511581
116.3151016 39.8505669 116.3395004 39.8665619
116.3467636 39.8960152 116.4001007 39.8993721
116.4005661 39.9071999 116.431015 39.9842682
116.4635849 40.1751442 116.4070816 40.0839577
116.4065857 40.0725441 116.3554306 39.9516869
116.3491135 39.9547157 116.3525848 39.9370232
116.3497009 39.9636269 116.2912979 39.9576378
116.28228 39.9549942 116.2992172 39.9229164
116.2963486 39.9327354 116.2013855 39.9236946
116.1979141 39.9264488 116.1744843 39.9250603
116.1960983 39.9326591 116.2568817 39.9280014
116.2564316 39.9279861 116.225853 39.9235306
116.2225647 39.9497566 116.2784653 39.9581451
116.2824173 39.9565086 116.4257965 39.9574432
116.4189682 39.9530525 116.4014359 39.9704208
116.4013977 39.9726448 116.3729858 39.9792099
116.3834534 39.9811821 116.3696365 39.9876366
116.3742142 39.9994583 116.2773132 39.9582748
116.2815018 39.9602509 116.4486465 39.9866104
116.4419022 39.9935722 116.453598 40.0069542
116.4513321 40.0070457 116.4349976 40.0310898
116.4078827 40.0541649 116.4070358 40.0657349
116.406868 40.0686417 116.4169998 40.10215
116.3170013 39.8990326 116.3699799 39.8630562
116.368103 39.8632393 116.334816 39.8677673
116.3409348 39.8761063 116.3466797 39.9002419
116.3500519 39.9018059 116.3412476 39.8763733
116.3439178 39.8823814 116.0923004 39.9499664
116.2881012 39.9227142 116.4246674 39.8872452
116.3654327 39.8985291 116.2392502 39.8645515
116.23423 39.8992958 116.584198 40.0766983
116.4304657 39.9345245 116.3679962 39.8690414
116.3634796 39.864048 116.4089203 39.8606682
116.4071503 39.8559723 116.3468323 39.7888107
116.3407974 39.7989807 116.3211823 39.8317375
116.3082962 39.9500198 116.2926865 39.9448662
116.2818985 39.9478645 116.2024841 39.9915199
116.2027969 39.9914131 116.2097168 39.9718285
116.2097015 39.9718208 116.3443527 39.9384155
116.3464661 39.9366264 116.4164658 39.9975853
116.4108658 39.9971809 116.4457855 39.9324036
116.4196014 39.9392929 116.4192505 39.9479446
116.4141006 39.9523506 116.4023514 39.9364014
116.4024506 39.9340935 116.4480133 39.9323959
116.4284821 39.9310684 116.4130325 39.8999176
116.4006195 39.9052849 116.3885193 39.9393158
116.3877487 39.9432335 116.3729019 40.0086212
116.3537979 40.0141029 116.4035339 39.9810982
116.3490677 40.0463905 116.3014679 40.040596
116.3081818 40.0367012 116.291069 40.0411758
116.3052673 40.0512848 116.3598328 40.000267
116.350914 40.0440865 116.4031982 40.05373
116.3493805 40.0606117 116.3408203 40.0299454
116.3478317 40.0390854 116.3461151 40.0134468
116.3465805 40.0139122 116.2821198 39.960495
116.2782364 39.9570198 116.3035507 39.9224625
116.3132629 39.9268227 116.3661346 39.9431648
116.359436 39.9713707 116.3309479 40.0332756
116.2248001 39.847271 116.2478485 39.8582497
116.250351 39.8588715 116.4645309 39.9077568
116.4672699 39.9073906 116.449501 39.9050751
116.444603 39.9024925 116.498848 39.9093399
116.4991837 39.907814 116.4498367 39.9221039
116.4093018 39.9230881 116.4028015 39.9284973
116.3470306 39.9236832 116.399498 39.9394684
116.4024963 39.9336128 116.4339142 39.9505501
116.3981171 39.9394989 116.3104477 39.9790955
116.3103333 39.9810104 116.4043503 39.9655228
116.3659821 39.9442902 116.3185806 39.8960037
116.2902527 39.8958435 116.2729034 39.8951454
116.2722702 39.8990784 116.3352356 39.9059258
116.3494339 39.8966904 116.3424149 39.8810959
116.3206635 39.877594 116.3759842 39.9500122
116.3764038 39.9455719 116.3281021 39.9621964
116.2972183 39.9340782 116.3477631 39.956749
116.3222656 39.9558525 116.3361359 39.9660797
116.3398132 39.9377098 116.3697357 39.8631592
116.3665161 39.8641853 116.3143997 39.8445969
116.314064 39.8429146 116.4661331 39.8365784
116.34935 39.8512726 116.3374634 39.8640099
116.4272995 40.0520592 116.4535522 39.9549713
116.4421158 39.9601517 116.4382477 39.8924026
116.4422302 39.892025 116.4800186 39.8978615
116.4806137 39.8978386 116.4838486 39.91008
116.4720306 39.9098663 116.4488831 39.9155922
116.3810196 39.9926643 116.3747482 39.9758339
116.3982849 40.003933 116.4055862 39.9818611
116.4201813 39.9757462 116.445137 39.9684448
116.4327469 39.9457474 116.2932129 39.8883972
116.3068695 39.9067001 116.3055344 39.8295937
116.2764664 39.8228836 116.3979034 39.8489189
116.4302521 39.8671303 116.4384842 39.9425735
116.4327469 39.9456978 116.46875 39.9847755
116.2586365 39.8811417 116.2945633 39.9308205
116.2976837 39.9263725 116.3479843 39.9781799
116.3526688 39.9758186 116.3802643 39.9963417
116.3805313 39.9998207 116.3286133 39.9268608
116.3258133 39.9270515 116.3587036 39.9224091
116.3579636 39.9225273 116.3260498 39.9367943
116.311615 39.944458 116.4033356 39.9137077
116.406517 39.9148712 116.4011993 39.8419647
116.3098145 39.8659782 116.393837 39.8512497
116.392334 39.8440285 116.3151855 39.8899651
116.3456802 39.9405746 116.2772522 39.9182129
116.2940369 39.9225159 116.3106308 39.9051552
116.3106155 39.9035263 116.4243698 39.8695526
116.424118 39.8885956 116.4540634 39.9036293
116.4529648 39.9052696 116.4101486 40.0360374
116.4122849 40.0364113 116.3782806 39.9886093
116.368515 39.9865341 116.2772675 39.8998146
116.2773361 39.9012985 116.2773819 39.9126854
116.286499 39.9227333 116.2960663 39.9321632
116.313736 39.9337234 116.3012161 39.8925743
116.3062363 39.9229317 116.3415527 39.8885727
116.3464355 39.9065361 116.3432159 39.9355698
116.3418655 39.93573 116.3347015 39.9463615
116.3350296 39.9461327 116.3648529 39.9453087
116.3659363 39.9459038 116.3588181 39.9936981
116.3652191 39.9926643 116.3554535 40.0663147
116.3466339 40.0601654 116.2952805 40.0439262
116.3096313 39.9904213 116.2929153 39.9593925
116.2975464 39.843586 116.2695847 39.8682251
116.2700348 39.8705139 116.3268967 39.9268188
116.3246536 39.9278145 116.3431473 39.9335365
116.3463669 39.9360962 116.3309631 39.9461517
116.3331833 39.9467354 116.3422318 39.9876976
116.2903976 39.9890175 116.3085327 39.9985504
116.2854156 39.9922867 116.2020645 40.0356636
116.2022629 40.0355301 116.1850815 40.0394478
116.2597351 40.0218124 116.2859497 39.9957008
116.2890015 39.994545 116.2995987 39.9821815
116.2996826 39.9427223 116.2899857 39.9224548
116.2956696 39.9439468 116.2540131 39.9224701
116.3002472 39.9421768 116.4233856 39.932209
116.4054184 39.9677315 116.4258652 39.9567909
116.4264679 39.9534416 116.3554535 39.9497948
116.3523865 39.9565735 116.3097534 39.8859215
116.3475342 39.8800583 116.3465195 39.9012299
116.3404007 39.9026604 116.3653641 39.8771133
116.3688812 39.8772011 116.3800812 39.8817673
116.3774338 39.8817596 116.4436493 39.9323311
116.4509964 39.9323387 116.4584351 39.9051514
116.4540024 39.9053764 116.4687347 39.9068413
116.4588165 39.9072723 116.4544525 39.8696175
116.4544296 39.8688469 116.1941833 39.9445343
116.1919861 39.9467049 116.329834 39.9367294
116.3295822 39.9539185 116.332901 39.926899
116.3295517 39.9539452 116.3291855 39.9057236
116.3226013 39.901619 116.3541336 39.905674
116.357048 39.9066429 116.3535538 39.9187965
116.3503189 39.944767 116.2641144 39.9527016
116.2685852 39.9482689 116.3103333 39.9908295
116.3271027 39.9868622 116.3283691 39.962513
116.3293686 39.9546967 116.3684006 39.9028091
116.3514328 39.9079132 116.306282 39.9750328
116.3071136 39.9776764 116.4926529 39.8995628
116.49263 39.8968925 116.5143356 39.8564224
116.5139999 39.8568268 116.513237 39.8546791
116.4921036 39.8774261 116.3781357 39.8966331
116.4659653 39.87006 116.612648 40.0531769
116.6069489 40.0518227 116.5864487 40.0770226
116.6085129 40.0535316 116.4256134 39.9303589
116.4265823 39.9248085 116.4519653 39.9097099
116.4489136 39.9045143 116.3231506 39.966259
116.3191147 39.9662666 116.2403641 40.0450325
116.2413025 40.0806885 116.2961807 39.9028702
116.2893524 39.9123917 116.3271637 39.9819984
116.3293533 39.9602699 116.4561691 40.0114784
116.4611664 40.0109711 116.3732986 39.8664894
116.3746338 39.9027443 116.3793869 39.8819351
116.3867188 39.8847694 116.4442139 39.805687
116.4779663 39.7994804 116.5237198 39.8239098
116.4615021 39.8736649 116.4557343 39.9171104
116.4515991 39.9217796 116.4777679 39.899292
116.47995 39.897831 116.4786987 39.9301529
116.4716644 39.9109879 116.4202499 39.8896027
116.4127502 39.9136047 116.379982 39.8435669
116.3760681 39.8493576 116.4692535 39.8932152
116.467514 39.8920326 116.4664154 39.8888779
116.4429169 39.8583183 116.2801819 39.8572731
116.2613983 39.84935 116.2721481 39.8713837
116.2731857 39.8732452 116.268486 39.8797302
116.2748871 39.8681679 116.3938828 39.8726158
116.3909531 39.8821983 116.2835693 39.9228134
116.3037643 39.8999596 116.3144684 39.8877907
116.3704529 39.850666 116.3612976 39.8612976
116.3805008 39.8547554 116.3873672 39.8450394
116.3808517 39.8506889 116.373497 39.8647232
116.3950806 39.8640404 116.4086151 39.8387184
116.4083633 39.8465729 116.3927307 39.8846664
116.223381 39.9002495 116.268364 39.9031601
116.2589417 39.9026642 116.3609314 39.9087791
116.360405 39.9112778 116.3160248 39.9311638
116.3157654 39.9311905 116.3153381 39.9713669
116.3258209 39.9750748 116.310318 39.9831581
116.2994461 39.9826965 116.3088837 39.9983215
116.3210602 39.9910469 116.3448639 39.9850922
116.3593826 39.9786758 116.4485779 39.9255676
116.4475174 39.9296913 116.4206009 39.905426
116.4214554 39.9033508 116.4465179 39.874836
116.4500351 39.8759766 116.4514618 39.9050713
116.451767 39.9080124 116.4483643 39.934536
116.4197769 39.9333382 116.435997 39.9396362
116.3105698 39.9312096 116.1086655 39.9348679
116.1086578 39.9348602 116.2585907 39.9170303
116.258606 39.9165878 116.3996124 39.8453102
116.3981781 39.8485146 116.3890228 39.8822174
116.3884506 39.8822098 116.3953323 39.8555336
116.3980331 39.8554268 116.3727264 39.8617096
116.3708954 39.8552094 116.3742828 39.8700256
116.3603058 39.8640327 116.4881287 39.9098549
116.4682846 39.9146729 116.2920685 39.9225616
116.2942963 39.9225082 116.3038483 39.9079132
116.3039017 39.8993683 116.2966919 39.8860435
116.303772 39.88797 116.2511826 39.8664551
116.2656097 39.8796387 116.2924271 39.8997383
116.2961502 39.8999329 116.2712936 39.9143562
116.2772217 39.9163437 116.2784729 39.9060249
116.2799454 39.9060059 116.3227844 39.8975563
116.3229218 39.9037399 116.4732208 39.887352
116.4550247 39.8909531 116.4459763 39.880928
116.4361267 39.883213 116.3814545 39.8736534
116.3758698 39.877594 116.381073 39.8819542
116.3838501 39.8825455 116.401329 39.8899307
116.3934479 39.8990669 116.4715881 39.9296951
116.4719238 39.9220734 116.4497604 39.8662834
116.4243774 39.8632431 116.3333588 39.7343941
116.3022995 39.9425697 116.3113632 39.9061165
116.3153 39.9041443 116.3006668 39.8819618
116.2991333 39.881321 116.3113174 39.8831215
116.3112869 39.8810501 116.2978134 39.8957596
116.2989502 39.8956909 116.3454514 39.9018784
116.3420486 39.9018326 116.3228302 39.9064713
116.3223801 39.9074821 116.3694687 39.9337082
116.370285 39.9336281 116.3482513 39.9312134
116.3458023 39.9383202 116.3683472 40.0601654
116.364418 40.0366364 116.3463135 40.0286446
116.346283 39.9992638 116.2471008 39.8847885
116.2470703 39.890358 116.3280487 39.9680901
116.3174515 39.937439 116.3487854 39.9751778
116.3087845 39.9828568 116.3090363 39.9557724
116.3228989 39.9370232 116.3421631 39.8905296
116.3404007 39.8901978 116.3610535 39.8838539
116.362114 39.887825 116.4152985 39.8644218
116.4118347 39.9082031 116.4106674 39.937748
116.4109497 39.9394569 116.4279327 39.9395523
116.4329834 39.9400864 116.4720306 39.9236107
116.4700317 39.9217682 116.4543533 39.8831062
116.4554977 39.8889656 116.3525696 39.8858681
116.352684 39.8865166 116.4371643 39.852787
116.4173813 39.8566246 116.4404831 39.8435936
116.4218369 39.8573914 116.4101868 39.8606987
116.1113129 39.9487915 116.1189804 39.9379425
116.1550674 39.9206085 116.2189636 39.9073143
116.2327194 39.9282799 116.2570343 39.9116898
116.2586975 39.9151802 116.4032135 39.986969
116.4049988 39.9869308 116.4513702 40.0068588
116.4515991 40.0022583 116.4524994 39.9532852
116.4527969 39.9524422 116.4673004 39.9101448
116.4638824 39.9072418 116.5845871 40.076767
116.5866165 40.0801392 116.3421326 39.9905663
116.3034668 39.9334831 116.3366165 39.9221649
116.335968 39.9221611 116.2821655 39.9221611
116.2721634 39.9276657 116.3003845 39.9230423
116.2986145 39.9230156 116.2726517 39.9237099
116.2467194 39.9203911 116.4175797 39.9051895
116.4175644 39.9051933 116.4256973 39.9035378
116.4216843 39.9034882 116.4609146 39.9914093
116.4645309 39.9810791 116.4618835 40.0005646
116.4615479 40.0005417 116.4251633 39.9699097
116.4172516 39.9683189 116.335434 39.8886719
116.3331985 39.8887367 116.3069687 39.8843536
116.3083649 39.8853035 116.3052673 39.9049263
116.3044968 39.9083099 116.2958527 39.9227982
116.3027649 39.9232483 116.1860809 39.9244766
116.1735687 39.924942 116.0882339 39.9462891
116.3428497 39.8759384 116.4399643 39.883419
116.4103165 39.8918076 116.3477173 39.8729591
116.3428497 39.8759766 116.3593369 39.8445015
116.3558807 39.8446121 116.3951492 39.8220749
116.3958511 39.8206902 116.4175644 39.860981
116.4200134 39.8644447 116.4478836 39.9027328
116.3662033 39.8771286 116.348114 39.8656502
116.3482361 39.8653984 116.4196854 39.9342461
116.3308182 39.8747101 116.4385529 39.8921661
116.3523865 39.8878555 116.3635483 39.8770256
116.3671494 39.8770752 116.332901 39.8687859
116.3464508 39.8879547 116.404747 39.891201
116.3629303 40.0082283 116.3540649 39.9223747
116.3599167 39.9248924 116.3387299 39.9098434
116.3283463 39.9235458 116.3416672 39.9917641
116.3467865 39.9969292 116.437149 39.9069862
116.4375305 39.9057579 116.3727341 39.8622093
116.3626862 39.8640747 116.3529968 39.9188766
116.3458328 39.9396057 116.347847 39.9779701
116.3479156 39.9784737 116.427681 39.9315834
116.4174347 39.9579811 116.4008331 39.9500961
116.3964005 39.9500809 116.3330002 39.9671249
116.3386154 39.9752312 116.5223999 40.0224113
116.3602829 40.0163002 116.2645798 39.8990135
116.2586975 39.9130287 116.3102341 39.9747353
116.3099518 39.9747162 116.2672653 40.030365
116.3003998 39.9744568 116.3304672 39.9752426
116.3321152 39.9730911 116.6102142 40.0535088
116.5023804 40.0053711 116.3337021 39.89645
116.3282471 39.9246368 116.3201675 39.9221382
116.3177032 39.9222107 116.313797 39.9310379
116.3126831 39.974884 116.5112152 39.936512
116.5113983 39.9352875 116.4580002 39.9738464
116.4560165 39.9751015 116.4236984 39.9877701
116.3821335 39.9868011 116.3887863 39.9391899
116.3887024 39.9392891 116.2899857 39.9922066
116.2990494 39.9860382 116.3187332 39.9796333
116.3187485 39.9799652 116.2797012 40.0970955
116.4327316 39.9322815 116.4914322 39.9630775
116.4589386 39.9490433 116.4330215 39.9669685
116.3780518 39.9671936 116.3649216 39.975441
116.3590088 39.9880829 116.3326263 39.9916191
116.3210983 39.981842 116.3019714 39.9631119
116.3409195 39.9484215 116.3350754 39.9360542
116.3233414 39.9659271 116.2634583 39.8878326
116.2586975 39.9037704 116.3917465 39.8159866
116.3961029 39.8162079 116.3941498 39.8751793
116.4058304 39.8868446 116.3907242 39.8412018
116.3898315 39.8439178 116.3941879 39.8510628
116.3977814 39.8554688 116.4217072 39.8329735
116.4157867 39.8414268 116.3727264 39.8624763
116.370491 39.8688202 116.3465805 39.9110298
116.3551178 39.943737 116.451889 39.9152832
116.4447327 39.9601898 116.3843765 39.9775505
116.4161835 39.9782219 116.4509888 39.9848518
116.4529419 39.9958 116.3728485 40.0052872
116.371376 40.0004692 116.2723007 40.0898666
116.2727203 40.0900688 116.3171082 40.0760689
116.31707 40.0750198 116.29319 40.0930252
116.2976685 40.0953751 116.2346497 40.0779686
116.2703323 40.0317612 116.3014374 40.0497131
116.3023758 40.0552368 116.4041901 39.9674797
116.4235687 39.9528427 116.511261 39.9297867
116.4959869 39.9264946 116.4837952 39.8980103
116.4766846 39.8991432 116.4713669 39.8914948
116.4537735 39.9050789 116.5575714 39.9079857
116.5540924 39.9059296 116.5018311 39.8780594
116.4936981 39.8765984 116.4923401 39.9164162
116.4870148 39.914547 116.4748611 39.8977737
116.4639816 39.8986816 116.4107285 39.9368477
116.4108505 39.9335289 116.4257965 39.9310036
116.4254684 39.9322052 116.4222412 39.9972076
116.4179306 39.9946251 116.3922577 39.9967995
116.3808517 39.9982719 116.2706833 39.8762932
116.2772064 39.86306 116.3030319 39.8454094
116.3025818 39.8495369 116.3044128 39.9109154
116.3078308 39.9199181 116.4636841 39.8921661
116.4629135 39.8922234 116.4104919 39.8559647
116.4117966 39.8607254 116.432373 39.8627739
116.5569153 40.0700645 116.4130478 40.0604286
116.4007492 39.9579163 116.3928986 39.95401
116.3909302 39.9475021 116.4539642 39.9247017
116.4531021 39.9222069 116.2686996 39.9061699
116.2720642 39.9061165 116.3150635 39.8983765
116.3075485 39.8959579 116.2969971 39.9547234
116.2977676 39.9549675 116.3105469 39.9795723
116.3105469 39.9809723 116.3271179 39.9865646
116.327652 39.9913521 116.3344345 39.9863739
116.3473511 39.9775391 116.4794693 39.9192543
116.4785538 39.9167099 116.5000687 39.9148026
116.4795685 39.914444 116.4415131 39.916214
116.4400177 39.9214706 116.5834808 40.0476265
116.606369 40.0508728 116.4718857 39.9169006
116.4717865 39.9153862 116.4784012 39.8762169
116.4637527 39.8749008 116.434166 39.9506836
116.5810318 40.0484581 116.5412369 40.0619507
116.5856018 40.0780411 116.3234024 40.056263
116.5496979 39.7570648 116.5295029 39.7789345
116.4373169 39.8036995 116.4142532 39.8017006
116.2217484 39.8940201 116.6104355 40.0541916
116.1011887 39.9340668 116.2258453 39.9153709
116.2760391 39.9602585 116.3727646 39.8618507
116.3602676 39.8640366 116.3559265 39.9405403
116.3559113 39.9407692 116.3688126 39.9301224
116.325119 39.9346924 116.3172455 39.922451
116.3119431 39.9227219 116.3043594 39.9421082
116.3036423 39.9517593 116.399437 39.932003
116.4004593 39.9123611 116.3418121 39.9438057
116.3347168 39.9466782 116.3407669 39.9591217
116.3469772 39.9634056 116.3433228 39.9315453
116.3316345 39.9371681 116.2723083 39.952137
116.2745895 39.9515266 116.3680115 39.8865013
116.3679962 39.8859749 116.3249588 39.885685
116.3253403 39.8849411 116.4071655 39.9231339
116.4029922 39.9230957 116.392952 39.9220352
116.362175 39.9225998 116.3467331 39.972599
116.3424149 39.9665985 116.3106308 39.9809227
116.3105621 39.9819641 116.2758408 40.0039215
116.2671585 40.003624 116.3122864 39.9746704
116.3272552 39.9795113 116.3525238 39.963131
116.2889023 39.97295 116.2688141 39.9596596
116.2688446 39.9594383 116.2391434 39.9582481
116.1212921 39.9533081 116.1589966 39.9249191
116.2679367 39.9356155 116.2416534 39.8665199
116.243042 39.8666725 116.2939835 39.9444504
116.2989349 39.9426231 116.3107224 39.9793663
116.3105927 39.9812965 116.4706879 39.9788246
116.4099197 39.9875679 116.401535 39.9920998
116.3243179 39.9750938 116.2875671 39.9088593
116.2773895 39.9096642 116.3255386 39.9310913
116.3276291 39.9297409 116.3349304 39.9126778
116.3390274 39.9135361 116.3179626 39.9322701
116.3196487 39.9329567 116.0968323 39.936615
116.1078339 39.9347878 116.1713791 39.9132652
116.1804657 39.9112015 116.2136688 39.9061546
116.2198181 39.9060936 116.2173996 39.9295349
116.2467346 39.9236794 116.258606 39.8930321
116.2585297 39.8926888 116.2846375 39.8214645
116.2774048 39.9090652 116.2586517 39.9258232
116.2588272 39.9277687 116.3137512 39.8953133
116.3152313 39.9029808 116.4633408 39.9960785
116.433815 39.9507484 116.4616928 39.9936905
116.461937 39.9929466 116.3753815 39.9866676
116.3754654 39.9927025 116.409729 39.9870453
116.4096832 39.9870071 116.327507 39.9296837
116.3205414 39.9268837 116.3615189 39.9806023
116.3636703 39.9681091 116.4013367 39.9645309
116.4013748 39.9635658 116.3392487 39.9376831
116.3178406 39.9515953 116.2920609 40.0528107
116.2995987 40.0434341 116.3113098 40.0287361
116.3059082 40.0309868 116.2908096 40.024128
116.273468 40.0197945 116.4168167 39.992321
116.4180832 39.996212 116.4184494 39.9718933
116.4185104 39.969635 116.4796677 39.9733734
116.4785919 39.9745522 116.4656143 39.9831047
116.4619751 39.9840775 116.4345551 39.9219551
116.4234009 39.9579926 116.6282654 40.0332794
116.5533752 40.0280914 116.5077667 39.9983673
116.4907074 39.9752922 116.4663696 39.9476013
116.4558258 39.9511795 116.4449463 39.9604836
116.4313049 39.9678268 116.4732513 39.9933777
116.4624557 39.9851418 116.4621506 39.9937439
116.4590988 39.9866829 116.341835 39.991909
116.333046 39.9916534 116.3364944 39.9362755
116.3321457 39.9371834 116.3192596 39.9419975
116.3179626 39.950798 116.2755737 39.9651527
116.3017197 39.9581833 116.3004227 39.972496
116.3077927 39.9745827 116.3107452 39.9785767
116.3104782 39.9792747 116.4333191 39.9213829
116.4339294 39.921505 116.46315 39.8829651
116.4556808 39.8958473 116.2783813 39.9116058
116.2944183 39.9224815 116.3335648 39.9268265
116.4040985 39.9476433 116.4191513 39.9497299
116.4122162 39.9610977 116.4252625 39.9621162
116.4220047 39.9608574 116.4137955 39.9142914
116.413559 39.914341 116.3731308 39.8656998
116.3796234 39.8641624 116.4881516 39.9216499
116.4785385 39.9249916 116.4468994 39.9501343
116.452446 39.953949 116.4084778 39.9765167
116.4184265 39.97192 116.4674454 39.945961
116.46772 39.9448967 116.4383698 39.9163513
116.4369583 39.9163551 116.4298935 39.9233208
116.1890869 39.8033257 116.159584 39.834507
116.2249985 39.8473549 116.3318863 39.888546
116.3327179 39.8884201 116.3516464 39.8881798
116.3501511 39.8882599 116.3163986 39.8989868
116.3149643 39.8981781 116.2825012 39.922905
116.29422 39.9225731 116.3038025 39.9090385
116.3035965 39.8970871 116.2889328 39.8988762
116.2813339 39.8990402 116.2826843 39.8989906
116.2952805 39.8791351 116.283432 39.8578148
116.2767029 39.866787 116.2685013 39.9054489
116.2685013 39.9054489 116.2584305 39.9267082
116.2607803 39.8989601 116.4063644 39.8912544
116.4097977 39.8916512 116.5049515 39.9147377
116.48423 39.9303932 116.4247818 39.9892769
116.4179535 39.9902687 116.4241638 39.992981
116.4255524 39.9949646 116.435585 40.0306358
116.4276962 40.0310745 116.3657684 40.0324135
116.3229523 39.9662704 116.3259811 39.9751472
116.3319855 39.9730377 116.3039703 39.8903046
116.2615509 39.8798485 116.2584686 39.8914299
116.4553986 39.9457741 116.4551315 39.8923798
116.452034 39.8959999 116.4492493 39.9421501
116.4347305 39.9353294 116.472168 39.9325294
116.4795151 39.9308815 116.4831467 39.8765411
116.4678802 39.8748741 116.4127808 39.8954315
116.4107666 39.8959503 116.3594818 39.9720764
116.3623352 39.9752235 116.365448 39.9497337
116.3902359 39.9294624 116.4308167 39.8917542
116.4836655 39.8875389 116.5393524 39.7411499
116.5821304 40.0336113 116.6133347 40.0503769
116.5822983 40.0744972 116.4385147 39.962677
116.4423523 39.9393806 116.5858002 40.0571365
116.5859833 40.0572548 116.5775986 40.0971107
116.5776138 40.0974617 116.5708694 40.060627
116.5844345 40.0771484 116.4517365 39.9526215
116.4425812 39.9456673 116.3498688 39.9173508
116.3422699 39.8975029 116.3162308 39.8889008
116.2746811 39.8343887 116.2776489 39.9117317
116.2849503 39.9117279 116.3149185 39.8969803
116.3129196 39.8967361 116.3043976 39.941597
116.3063812 39.9499626 116.2611008 40.0134048
116.2610474 40.0150299 116.2683029 39.9664803
116.2690659 39.9572983 116.3003998 39.9599915
116.30513 39.9618797 116.4492188 39.9371834
116.4491501 39.9374619 116.4437485 39.9322243
116.3785324 39.931736 116.3159332 39.9629402
116.3203812 39.9657974 116.3629532 39.966198
116.3602982 39.9666405 116.3472672 39.9912262
116.3495483 39.9859772 116.4009476 39.9937744
116.4009171 39.9967575 116.4147491 39.9974098
116.4045334 40.0047188 116.3703995 40.0004997
116.3669815 40.0003433 116.2751007 40.021595
116.2660141 40.0316734 116.4328156 39.8916397
116.413002 39.8978271 116.4434814 39.8398895
116.4436188 39.8372307 116.4085464 39.8405914
116.1801682 39.9153786 116.2387848 39.9061737
116.2467804 39.904747 116.2535629 39.8626251
116.2351532 39.854847 116.2247009 39.8669586
116.2231674 39.9020348 116.2368698 39.9039459
116.2587204 39.9050598 116.258667 39.9272652
116.2558365 39.9279709 116.2986298 39.9911804
116.267952 39.9349594 116.2549362 39.9325638
116.24823 39.9282799 116.2467346 39.9095192
116.2279816 39.9062042 116.2099838 39.9071045
116.1968536 39.9061584 116.1792679 39.9131546
116.2595825 39.8796577 116.5836182 40.0765572
116.3039169 39.9104767 116.1585846 39.7635956
116.5248184 40.0081062 116.4658203 40.0065079
116.4587021 40.0036964 116.4432983 39.9940186
116.4516983 40.0051613 116.3647842 39.9571228
116.3659134 39.9662552 116.4184189 39.9578781
116.2594681 39.8582535 116.3587341 39.8504829
116.3592682 39.8492355 116.365181 39.9521751
116.3652191 39.9504852 116.3576813 39.9392395
116.3573685 39.9393425 116.3318176 39.912693
116.3287201 39.9092026 116.3468704 39.887825
116.3469467 39.8844566 116.3511505 39.9003525
116.3560181 39.898098 116.3177795 39.88311
116.2771835 39.8474808 116.2840805 39.8297501
116.2813034 39.8367767 116.2726669 39.8195343
116.2768021 39.8567696 116.2965164 39.88797
116.3327179 39.901371 116.4349136 39.8489151
116.4330139 39.8490219 116.1677704 39.8751335
116.2754974 39.8694496 116.2885132 39.8735504
116.2883682 39.8704185 116.3644638 39.8293152
116.3814697 39.872242 116.3684158 39.8940353
116.3704147 39.8981743 116.3424683 39.8916779
116.3450012 39.896347 116.3489304 39.9506531
116.3490677 39.9367256 116.3287964 39.889492
116.3374023 39.8962021 116.441597 39.8702507
116.3907852 39.8897362 116.2610855 39.8527489
116.2611313 39.8491898 116.2730026 39.8465233
116.2739487 39.8883514 116.2889481 39.8894806
116.2989502 39.8296356 116.2584991 39.9019318
116.2465973 39.9189072 116.3682632 39.8580437
116.2942352 39.9226379 116.3537674 39.9175224
116.3133163 39.9098167 116.2983017 39.9367256
116.3039169 39.9091949 116.3149338 39.8831291
116.4990311 39.9630241 116.3854828 39.8849144
116.4237976 39.8889351 116.3855972 39.9078941
116.4002686 39.9162712 116.3143692 39.8993301
116.315033 39.9049721 116.4486313 39.9073753
116.4442673 39.9233437 116.460968 39.9580612
116.4608002 39.9581375 116.369133 39.960247
116.3733978 39.9583855 116.359436 39.9861183
116.3992462 39.9576683 116.3956146 39.9701691
116.3956985 39.9687691 116.3628998 39.9513741
116.4225693 39.9407043 116.4299011 39.9328384
116.4601669 39.9493332 116.4922867 39.9583359
116.3314896 39.9062614 116.255127 39.9026527
116.2483139 39.9062691 116.2414169 39.889534
116.2586136 39.9029121 116.2552414 39.8883781
116.2524185 39.8883934 116.2550583 39.9164238
116.259758 39.9162941 116.1945648 39.8471985
116.2685928 39.8856697 116.3134766 39.8955536
116.3210526 39.8954735 116.4263611 39.7776604
116.2006912 39.9264107 116.348465 39.9125252
116.3216171 39.8955536 116.4001389 39.8638229
116.3928604 39.8822823 116.4187241 39.903389
116.4210663 39.9064369 116.4625854 39.9067955
116.4932709 39.9301949 116.5158386 39.9124069
116.496666 39.9147873 116.4759216 39.9097023
116.471756 39.9081535 116.6107254 40.0529518
116.4900055 39.930191 116.4362106 39.9039688
116.4325943 39.9046516 116.4482574 39.8803825
116.4482803 39.8802261 116.4389267 39.8547401
116.4327087 39.8535957 116.3728638 39.8622894
116.3403244 39.8668671 116.2773819 39.9122658
116.2773895 39.9148064 116.3911438 39.8795509
116.3729782 39.9755592 116.3210449 39.9892769
116.3212128 39.9900398 116.3153305 39.9916306
116.3210678 39.9896317 116.3283005 39.9621773
116.3163681 39.9622116 116.3109283 39.9505768
116.3092957 39.9501915 116.3561859 39.9107933
116.353508 39.9091225 116.3702393 39.8915825
116.3512497 39.9006615 116.3149261 39.9032898
116.3327637 39.9126587 116.3497467 39.8666229
116.3580627 39.8712425 116.3523712 39.8882103
116.3507919 39.9100952 116.3675842 39.9096527
116.3677368 39.908947 116.3336334 39.888588
116.32901 39.8915749 116.3759613 39.9084702
116.3577957 39.913456 116.4508591 39.9058571
116.4508514 39.9058418 116.5866318 40.0789299
116.6091385 40.0527611 116.3752975 39.9929848
116.3744278 39.9929504 116.3159409 39.964016
116.3416824 39.9660835 116.3725662 39.94841
116.3740692 39.9482765 116.369133 39.9589233
116.3731461 39.9600563 116.4220581 39.907692
116.4206619 39.911377 116.4487 39.9322968
116.4477463 39.9430389 116.4516144 39.9978447
116.458992 39.9872246 116.4728928 39.978344
